# Tetrahedron method
       -0.5000000000        0.0000000000
       -0.4800000000        0.0000000000
       -0.4600000000        0.0000000000
       -0.4400000000        0.0000000000
       -0.4200000000        0.0000000000
       -0.4000000000        0.0000000000
       -0.3800000000        0.0000000000
       -0.3600000000        0.0000000000
       -0.3400000000        0.0000000000
       -0.3200000000        0.0000000000
       -0.3000000000        0.0000000000
       -0.2800000000        0.0000000000
       -0.2600000000        0.0000000000
       -0.2400000000        0.0000000000
       -0.2200000000        0.0000000000
       -0.2000000000        0.0000000000
       -0.1800000000        0.0000000000
       -0.1600000000        0.0000000000
       -0.1400000000        3.2916576423
       -0.1200000000        6.7676636524
       -0.1000000000        6.2830283017
       -0.0800000000        3.8488787167
       -0.0600000000        3.0517266832
       -0.0400000000        2.5371753657
       -0.0200000000        2.3859352128
        0.0000000000        2.4021854691
        0.0200000000        2.4820863483
        0.0400000000        2.9943848822
        0.0600000000        4.8077144822
        0.0800000000        7.7287067683
        0.1000000000       12.1481123934
        0.1200000000       12.4662869885
        0.1400000000       18.8666914588
        0.1600000000       24.1651542426
        0.1800000000       36.4288289599
        0.2000000000       34.8049731874
        0.2200000000       38.0219629192
        0.2400000000       48.5578378026
        0.2600000000       65.0634361265
        0.2800000000       61.6215222235
        0.3000000000       67.9313922117
        0.3200000000       81.9295768889
        0.3400000000       97.0394677763
        0.3600000000       89.7736654739
        0.3800000000       86.1881659677
        0.4000000000      118.6126380515
        0.4200000000      109.4262978875
        0.4400000000       97.6495367196
        0.4600000000      149.8819951237
        0.4800000000      139.5976942465
        0.5000000000      189.6711809016
        0.5200000000      140.9619525748
        0.5400000000      125.0252897476
        0.5600000000      114.5186296851
        0.5800000000      165.1118798872
        0.6000000000      160.6744905543
        0.6200000000      149.6682304454
        0.6400000000      195.5287631202
        0.6600000000      171.1151422750
        0.6800000000      173.5720972851
        0.7000000000      189.3040386052
        0.7200000000      203.0489709780
        0.7400000000      237.6219533401
        0.7600000000      220.3708512388
        0.7800000000      227.9054894399
        0.8000000000      232.1043037283
        0.8200000000      200.0270570809
        0.8400000000      213.5556753536
        0.8600000000      220.0591880287
        0.8800000000      219.2525257417
        0.9000000000      201.4272044008
        0.9200000000      227.2236837721
        0.9400000000      219.7062484628
        0.9600000000      192.0054058932
        0.9800000000      215.9537147179
        1.0000000000      210.8853156781
        1.0200000000      231.3772794986
        1.0400000000      203.5264373007
        1.0600000000      201.2654589459
        1.0800000000      220.9324137316
        1.1000000000      214.7954410071
        1.1200000000      194.2085528269
        1.1400000000      226.8927930729
        1.1600000000      221.4534945169
        1.1800000000      202.7445510504
        1.2000000000      268.6084043177
        1.2200000000      213.5252668279
        1.2400000000      194.0836702684
        1.2600000000      183.6663650750
        1.2800000000      184.0388603162
        1.3000000000      183.8949962478
        1.3200000000      182.9578752267
        1.3400000000      176.3796377212
        1.3600000000      151.5371582308
        1.3800000000      182.9547534847
        1.4000000000      162.6110117670
        1.4200000000      151.8250895703
        1.4400000000      151.3477012977
        1.4600000000      159.2085714533
        1.4800000000      156.5941894173
        1.5000000000      163.1899153040
        1.5200000000      155.8292613524
        1.5400000000      164.0735149119
        1.5600000000      177.3471558221
        1.5800000000      178.0003612622
        1.6000000000      177.7428917369
        1.6200000000      169.3296521974
        1.6400000000      186.8483121681
        1.6600000000      190.1871571533
        1.6800000000      199.5215016973
        1.7000000000      181.9282062406
        1.7200000000      175.8986960046
        1.7400000000      212.3477459161
        1.7600000000      197.4605298495
        1.7800000000      193.0109452389
        1.8000000000      208.4668904315
        1.8200000000      151.1701379615
        1.8400000000      188.9957497348
        1.8600000000      188.7643520136
        1.8800000000      228.5703888758
        1.9000000000      222.0074117709
        1.9200000000      215.7273656270
        1.9400000000      224.8079288696
        1.9600000000      215.2175752712
        1.9800000000      189.0458120095
        2.0000000000      191.7026129227
        2.0200000000      160.9017679642
        2.0400000000      135.1582092398
        2.0600000000      152.9576378073
        2.0800000000      141.7290573881
        2.1000000000      141.6872133224
        2.1200000000      129.6109210251
        2.1400000000      131.8845813432
        2.1600000000      137.0784849672
        2.1800000000      126.9876991096
        2.2000000000      132.2662391542
        2.2200000000      135.0941032723
        2.2400000000      138.5881290112
        2.2600000000      138.7433826593
        2.2800000000      132.7937521931
        2.3000000000      127.4612430535
        2.3200000000      130.0630031439
        2.3400000000      131.4144989115
        2.3600000000      131.3716050416
        2.3800000000      113.8554577232
        2.4000000000      104.1673865251
        2.4200000000      107.9386186357
        2.4400000000      118.8888134540
        2.4600000000      125.1039883646
        2.4800000000      124.4179598444
        2.5000000000      122.2729759924
        2.5200000000      138.7519994042
        2.5400000000      132.9604665766
        2.5600000000      115.3299003191
        2.5800000000      120.4672673480
        2.6000000000      120.9341653212
        2.6200000000      115.5835490319
        2.6400000000      114.3155523665
        2.6600000000      111.3729433413
        2.6800000000      107.7050716557
        2.7000000000       99.2755226616
        2.7200000000       96.0524083749
        2.7400000000       89.1603727120
        2.7600000000       75.4351002897
        2.7800000000       65.3379711737
        2.8000000000       61.5841315282
        2.8200000000       56.8415339433
        2.8400000000       54.2461993306
        2.8600000000       51.4329497027
        2.8800000000       48.3262930872
        2.9000000000       50.0019343579
        2.9200000000       46.6180242017
        2.9400000000       47.3703890252
        2.9600000000       53.8493103045
        2.9800000000       54.9662992809
        3.0000000000       53.7581605688
        3.0200000000       65.0824099155
        3.0400000000       76.3157993874
        3.0600000000       58.1673049450
        3.0800000000       67.4551153777
        3.1000000000       68.2257878435
        3.1200000000       54.8782171111
        3.1400000000       83.4967159149
        3.1600000000       54.7440602839
        3.1800000000       55.8541847056
        3.2000000000       53.0498260660
        3.2200000000       95.9898805231
        3.2400000000       49.2645966034
        3.2600000000       49.2365882060
        3.2800000000       24.2086018802
        3.3000000000       49.7790681960
        3.3200000000       24.0020161731
        3.3400000000       27.8510047920
        3.3600000000       26.6285721896
        3.3800000000       33.7103836042
        3.4000000000       43.4049679404
        3.4200000000       30.8159167335
        3.4400000000       34.2266993199
        3.4600000000       47.0242445214
        3.4800000000       43.5665127319
        3.5000000000       43.4448411317
        3.5200000000       39.1343852562
        3.5400000000       51.0542049116
        3.5600000000       54.2379471938
        3.5800000000       55.5788257224
        3.6000000000       41.0021836877
        3.6200000000       47.3048610350
        3.6400000000       38.1110368554
        3.6600000000       50.3254919351
        3.6800000000       51.6819407388
        3.7000000000       37.1761777452
        3.7200000000       39.0339524233
        3.7400000000       38.6801583794
        3.7600000000       38.7739865788
        3.7800000000        0.0000000000
        3.8000000000       28.9626662504
        3.8200000000        0.0000000000
        3.8400000000       70.3979397336
        3.8600000000       93.1706756858
        3.8800000000        5.6258716055
        3.9000000000       34.5221769716
        3.9200000000       39.2022240946
        3.9400000000       73.8300389014
        3.9600000000       64.6640278837
        3.9800000000       28.4485118579
        4.0000000000       20.0996250205
        4.0200000000       30.0618861125
        4.0400000000       13.9318521780
        4.0600000000       12.3508705342
        4.0800000000       36.0480751586
        4.1000000000        0.0000000000
        4.1200000000        0.0000000000
        4.1400000000        4.7127058855
        4.1600000000       63.1811307470
        4.1800000000        0.0000000000
        4.2000000000        0.0000000000
        4.2200000000        0.0000000000
        4.2400000000        0.0000000000
        4.2600000000        0.0000000000
        4.2800000000        0.0000000000
        4.3000000000        0.0000000000
        4.3200000000        0.0000000000
        4.3400000000        0.0000000000
        4.3600000000        0.0000000000
        4.3800000000        0.0000000000
        4.4000000000        0.0000000000
        4.4200000000        0.0000000000
        4.4400000000        0.0000000000
        4.4600000000        0.0000000000
        4.4800000000        0.0000000000
        4.5000000000        0.0000000000
