# Tetrahedron method
       -0.5000000000        0.0000000000
       -0.4800000000        0.0000000000
       -0.4600000000        0.0000000000
       -0.4400000000        0.0000000000
       -0.4200000000        0.0000000000
       -0.4000000000        0.0000000000
       -0.3800000000        0.0000000000
       -0.3600000000        0.0000000000
       -0.3400000000        0.0000000000
       -0.3200000000        0.0000000000
       -0.3000000000        0.0000000000
       -0.2800000000        0.0000000000
       -0.2600000000        0.0000000000
       -0.2400000000        0.0000000000
       -0.2200000000        0.0000000000
       -0.2000000000        0.0000000000
       -0.1800000000        0.0000000000
       -0.1600000000        0.0000000000
       -0.1400000000        3.9601864772
       -0.1200000000        5.0542595729
       -0.1000000000        5.6202631047
       -0.0800000000        3.8956964391
       -0.0600000000        2.8324740295
       -0.0400000000        2.5079588905
       -0.0200000000        2.4322294992
        0.0000000000        2.3909363219
        0.0200000000        2.4438341417
        0.0400000000        2.7795203885
        0.0600000000        4.1644223312
        0.0800000000        7.7273561649
        0.1000000000       14.6016585158
        0.1200000000       17.1681546999
        0.1400000000       19.6202468943
        0.1600000000       25.1439390308
        0.1800000000       27.6596890975
        0.2000000000       38.5044813000
        0.2200000000       42.8602523206
        0.2400000000       48.8719222316
        0.2600000000       62.5001653283
        0.2800000000       60.4520950210
        0.3000000000       78.7603708002
        0.3200000000       83.8653427222
        0.3400000000       94.6503892585
        0.3600000000       98.4089633243
        0.3800000000       88.4892084962
        0.4000000000      102.8301204812
        0.4200000000      112.0076357937
        0.4400000000      129.3302015004
        0.4600000000      150.9426242973
        0.4800000000      133.9232962179
        0.5000000000      148.6061885849
        0.5200000000      159.1594794838
        0.5400000000      174.3913407369
        0.5600000000      166.4525372087
        0.5800000000      164.8215052892
        0.6000000000      160.8229611587
        0.6200000000      144.6376238074
        0.6400000000      179.3846480614
        0.6600000000      168.9952084558
        0.6800000000      231.1376249713
        0.7000000000      214.8428677177
        0.7200000000      170.8679607393
        0.7400000000      161.8041367897
        0.7600000000      172.6414967793
        0.7800000000      239.7759919819
        0.8000000000      201.4225964863
        0.8200000000      218.6068110787
        0.8400000000      216.9906083836
        0.8600000000      212.8226262542
        0.8800000000      210.6014223941
        0.9000000000      214.0507197982
        0.9200000000      222.1162121437
        0.9400000000      227.2410999501
        0.9600000000      206.9010705990
        0.9800000000      210.9259242445
        1.0000000000      213.9036472640
        1.0200000000      195.3086548860
        1.0400000000      198.8472126503
        1.0600000000      226.9419841933
        1.0800000000      225.2429420276
        1.1000000000      207.0596977687
        1.1200000000      234.0842380862
        1.1400000000      220.7085685204
        1.1600000000      175.6364433056
        1.1800000000      225.6767236329
        1.2000000000      213.0974934887
        1.2200000000      195.5743302084
        1.2400000000      179.9227386170
        1.2600000000      214.1798920599
        1.2800000000      177.5931071172
        1.3000000000      184.6249794325
        1.3200000000      160.8779024919
        1.3400000000      156.1519018060
        1.3600000000      167.8309654138
        1.3800000000      169.9409459665
        1.4000000000      172.5432306646
        1.4200000000      143.3468154040
        1.4400000000      156.2959958233
        1.4600000000      149.5744913316
        1.4800000000      155.6910288584
        1.5000000000      159.7732947272
        1.5200000000      162.2243680274
        1.5400000000      171.5513847835
        1.5600000000      173.8628558002
        1.5800000000      159.7237792960
        1.6000000000      177.0109042474
        1.6200000000      202.1063660925
        1.6400000000      208.9179389822
        1.6600000000      200.5665141221
        1.6800000000      190.2123045554
        1.7000000000      201.3073683363
        1.7200000000      219.6153403833
        1.7400000000      174.8126176789
        1.7600000000      221.3069356683
        1.7800000000      185.4778299810
        1.8000000000      181.7577020373
        1.8200000000      188.0385946983
        1.8400000000      182.2230970263
        1.8600000000      178.0204471583
        1.8800000000      185.2841168480
        1.9000000000      202.0058614234
        1.9200000000      198.9394060915
        1.9400000000      212.8506114465
        1.9600000000      201.9265144855
        1.9800000000      189.8476304351
        2.0000000000      209.3131292363
        2.0200000000      190.4060832018
        2.0400000000      164.6476720971
        2.0600000000      135.1001687894
        2.0800000000      134.2537207802
        2.1000000000      147.2639994255
        2.1200000000      125.3090719200
        2.1400000000      135.2963544711
        2.1600000000      134.2423446328
        2.1800000000      127.8826152469
        2.2000000000      133.1841933709
        2.2200000000      140.0851151310
        2.2400000000      142.3606922252
        2.2600000000      145.4141013426
        2.2800000000      133.0948183923
        2.3000000000      123.7666352383
        2.3200000000      121.7242216523
        2.3400000000      125.2134145738
        2.3600000000      130.7490612843
        2.3800000000      127.1942288068
        2.4000000000      123.2139771182
        2.4200000000      120.8510811065
        2.4400000000      130.9498706824
        2.4600000000      130.1707180373
        2.4800000000      134.3563153707
        2.5000000000      134.1129130312
        2.5200000000      128.3349734468
        2.5400000000      116.7305946315
        2.5600000000      106.7951714791
        2.5800000000      112.2505512413
        2.6000000000      115.0750840995
        2.6200000000      111.2420899141
        2.6400000000      111.3922751336
        2.6600000000      104.6503570397
        2.6800000000      106.6405901529
        2.7000000000      104.6384953543
        2.7200000000      104.8644251479
        2.7400000000       91.6009228328
        2.7600000000       78.3171707071
        2.7800000000       67.6642633915
        2.8000000000       61.6548839043
        2.8200000000       58.3330435431
        2.8400000000       58.5182103115
        2.8600000000       53.6538832928
        2.8800000000       51.7962494881
        2.9000000000       52.3512833858
        2.9200000000       52.4102409414
        2.9400000000       55.4357104264
        2.9600000000       48.8962363386
        2.9800000000       52.4550175949
        3.0000000000       43.2886563139
        3.0200000000       57.5243709750
        3.0400000000       53.4696945781
        3.0600000000       51.1851039790
        3.0800000000       63.9615680508
        3.1000000000       64.6105813820
        3.1200000000       67.8262163197
        3.1400000000       51.2837412639
        3.1600000000       70.2230617521
        3.1800000000       62.2317719058
        3.2000000000       73.8098471974
        3.2200000000       63.6936126245
        3.2400000000       68.5932398737
        3.2600000000       52.5737211472
        3.2800000000       35.8309973391
        3.3000000000       47.8872046632
        3.3200000000       15.5111974463
        3.3400000000       25.1452339020
        3.3600000000       21.7265657253
        3.3800000000       31.2908491175
        3.4000000000       29.4769030929
        3.4200000000       22.7782207849
        3.4400000000       37.6744640948
        3.4600000000       48.1088603399
        3.4800000000       50.8953141281
        3.5000000000       43.7353135380
        3.5200000000       47.9257445557
        3.5400000000       19.1342857986
        3.5600000000       39.5060516405
        3.5800000000       53.2208439113
        3.6000000000       67.0934167393
        3.6200000000       69.0309527720
        3.6400000000       56.9059586044
        3.6600000000       49.8970322155
        3.6800000000       45.4630207632
        3.7000000000       35.0051679039
        3.7200000000       34.2671125522
        3.7400000000       46.0793322964
        3.7600000000       17.5432214986
        3.7800000000       20.7953639672
        3.8000000000       16.1114555288
        3.8200000000       30.3401947268
        3.8400000000       10.4218660023
        3.8600000000       49.8327629872
        3.8800000000       19.4302068918
        3.9000000000       36.5935942536
        3.9200000000       64.1519388468
        3.9400000000       63.6360752007
        3.9600000000       32.3046944595
        3.9800000000       31.9437020581
        4.0000000000       54.0290839458
        4.0200000000       38.4054150577
        4.0400000000        0.0000000000
        4.0600000000        0.0000000000
        4.0800000000       64.4777090401
        4.1000000000       21.3403693334
        4.1200000000        8.5410439195
        4.1400000000        0.0000000000
        4.1600000000       67.4150376314
        4.1800000000        0.0000000000
        4.2000000000        0.0000000000
        4.2200000000        0.0000000000
        4.2400000000        0.0000000000
        4.2600000000        0.0000000000
        4.2800000000        0.0000000000
        4.3000000000        0.0000000000
        4.3200000000        0.0000000000
        4.3400000000        0.0000000000
        4.3600000000        0.0000000000
        4.3800000000        0.0000000000
        4.4000000000        0.0000000000
        4.4200000000        0.0000000000
        4.4400000000        0.0000000000
        4.4600000000        0.0000000000
        4.4800000000        0.0000000000
        4.5000000000        0.0000000000
